49	0	255	0	0
64	0	255	0	0
65	0	255	0	0
89	0	255	0	0
48	1	255	0	0
72	1	255	0	0
49	2	255	0	0
62	2	255	0	0
64	2	255	0	0
69	2	255	0	0
70	2	255	0	0
73	2	255	0	0
91	2	255	0	0
93	2	255	0	0
95	2	255	0	0
53	3	255	0	0
55	3	255	0	0
58	3	255	0	0
60	3	255	0	0
62	3	255	0	0
66	3	255	0	0
67	3	255	0	0
68	3	255	0	0
69	3	255	0	0
70	3	255	0	0
83	3	255	0	0
86	3	255	0	0
88	3	255	0	0
95	3	255	0	0
52	4	255	0	0
53	4	255	0	0
54	4	255	0	0
59	4	255	0	0
62	4	255	0	0
63	4	255	0	0
66	4	255	0	0
67	4	255	0	0
69	4	255	0	0
71	4	255	0	0
79	4	255	0	0
85	4	255	0	0
92	4	255	0	0
49	5	255	0	0
50	5	255	0	0
59	5	255	0	0
67	5	255	0	0
69	5	255	0	0
70	5	255	0	0
75	5	255	0	0
79	5	255	0	0
80	5	255	0	0
89	5	255	0	0
98	5	255	0	0
48	6	255	0	0
53	6	255	0	0
54	6	255	0	0
63	6	255	0	0
66	6	255	0	0
72	6	255	0	0
77	6	255	0	0
79	6	255	0	0
80	6	255	0	0
82	6	255	0	0
91	6	255	0	0
92	6	255	0	0
93	6	255	0	0
96	6	255	0	0
97	6	255	0	0
48	7	255	0	0
50	7	255	0	0
54	7	255	0	0
62	7	255	0	0
63	7	255	0	0
64	7	255	0	0
65	7	255	0	0
67	7	255	0	0
74	7	255	0	0
76	7	255	0	0
78	7	255	0	0
80	7	255	0	0
89	7	255	0	0
92	7	255	0	0
98	7	255	0	0
49	8	255	0	0
58	8	255	0	0
66	8	255	0	0
68	8	255	0	0
69	8	255	0	0
71	8	255	0	0
73	8	255	0	0
74	8	255	0	0
78	8	255	0	0
79	8	255	0	0
80	8	255	0	0
81	8	255	0	0
84	8	255	0	0
86	8	255	0	0
89	8	255	0	0
91	8	255	0	0
92	8	255	0	0
93	8	255	0	0
94	8	255	0	0
96	8	255	0	0
98	8	255	0	0
99	8	255	0	0
100	8	255	0	0
50	9	255	0	0
53	9	255	0	0
55	9	255	0	0
61	9	255	0	0
64	9	255	0	0
67	9	255	0	0
68	9	255	0	0
70	9	255	0	0
71	9	255	0	0
73	9	255	0	0
74	9	255	0	0
76	9	255	0	0
81	9	255	0	0
82	9	255	0	0
83	9	255	0	0
84	9	255	0	0
85	9	255	0	0
86	9	255	0	0
87	9	255	0	0
88	9	255	0	0
91	9	255	0	0
92	9	255	0	0
95	9	255	0	0
97	9	255	0	0
98	9	255	0	0
100	9	255	0	0
49	10	255	0	0
50	10	255	0	0
51	10	255	0	0
57	10	255	0	0
61	10	255	0	0
63	10	255	0	0
65	10	255	0	0
67	10	255	0	0
68	10	255	0	0
71	10	255	0	0
76	10	255	0	0
79	10	255	0	0
80	10	255	0	0
81	10	255	0	0
82	10	255	0	0
83	10	255	0	0
86	10	255	0	0
87	10	255	0	0
88	10	255	0	0
92	10	255	0	0
93	10	255	0	0
94	10	255	0	0
95	10	255	0	0
96	10	255	0	0
97	10	255	0	0
98	10	255	0	0
51	11	255	0	0
57	11	255	0	0
63	11	255	0	0
68	11	255	0	0
69	11	255	0	0
70	11	255	0	0
71	11	255	0	0
72	11	255	0	0
73	11	255	0	0
76	11	255	0	0
77	11	255	0	0
79	11	255	0	0
80	11	255	0	0
81	11	255	0	0
82	11	255	0	0
83	11	255	0	0
91	11	255	0	0
94	11	255	0	0
95	11	255	0	0
97	11	255	0	0
98	11	255	0	0
99	11	255	0	0
100	11	255	0	0
28	12	0	0	255
30	12	0	0	255
53	12	255	0	0
61	12	255	0	0
67	12	255	0	0
68	12	255	0	0
69	12	255	0	0
71	12	255	0	0
72	12	255	0	0
74	12	255	0	0
76	12	255	0	0
79	12	255	0	0
81	12	255	0	0
82	12	255	0	0
87	12	255	0	0
88	12	255	0	0
90	12	255	0	0
91	12	255	0	0
94	12	255	0	0
95	12	255	0	0
97	12	255	0	0
98	12	255	0	0
99	12	255	0	0
100	12	255	0	0
102	12	255	0	0
103	12	255	0	0
105	12	255	0	0
23	13	0	0	255
24	13	0	0	255
28	13	0	0	255
29	13	0	0	255
34	13	0	0	255
53	13	255	0	0
57	13	255	0	0
58	13	255	0	0
60	13	255	0	0
62	13	255	0	0
63	13	255	0	0
65	13	255	0	0
68	13	255	0	0
71	13	255	0	0
76	13	255	0	0
79	13	255	0	0
80	13	255	0	0
81	13	255	0	0
82	13	255	0	0
83	13	255	0	0
84	13	255	0	0
85	13	255	0	0
88	13	255	0	0
89	13	255	0	0
90	13	255	0	0
91	13	255	0	0
97	13	255	0	0
100	13	255	0	0
102	13	255	0	0
20	14	0	0	255
21	14	0	0	255
22	14	0	0	255
27	14	0	0	255
29	14	0	0	255
32	14	0	0	255
34	14	0	0	255
35	14	0	0	255
54	14	255	0	0
57	14	255	0	0
62	14	255	0	0
66	14	255	0	0
68	14	255	0	0
70	14	255	0	0
71	14	255	0	0
73	14	255	0	0
75	14	255	0	0
76	14	255	0	0
77	14	255	0	0
78	14	255	0	0
79	14	255	0	0
80	14	255	0	0
81	14	255	0	0
82	14	255	0	0
83	14	255	0	0
85	14	255	0	0
86	14	255	0	0
87	14	255	0	0
89	14	255	0	0
94	14	255	0	0
96	14	255	0	0
98	14	255	0	0
99	14	255	0	0
100	14	255	0	0
101	14	255	0	0
103	14	255	0	0
106	14	255	0	0
18	15	0	0	255
23	15	0	0	255
24	15	0	0	255
30	15	0	0	255
58	15	255	0	0
61	15	255	0	0
62	15	255	0	0
63	15	255	0	0
64	15	255	0	0
66	15	255	0	0
67	15	255	0	0
68	15	255	0	0
70	15	255	0	0
75	15	255	0	0
77	15	255	0	0
79	15	255	0	0
80	15	255	0	0
82	15	255	0	0
83	15	255	0	0
84	15	255	0	0
85	15	255	0	0
86	15	255	0	0
87	15	255	0	0
88	15	255	0	0
91	15	255	0	0
92	15	255	0	0
94	15	255	0	0
96	15	255	0	0
98	15	255	0	0
99	15	255	0	0
100	15	255	0	0
101	15	255	0	0
102	15	255	0	0
17	16	0	0	255
18	16	0	0	255
19	16	0	0	255
20	16	0	0	255
23	16	0	0	255
25	16	0	0	255
27	16	0	0	255
29	16	0	0	255
31	16	0	0	255
32	16	0	0	255
36	16	0	0	255
37	16	0	0	255
66	16	255	0	0
67	16	255	0	0
74	16	255	0	0
76	16	255	0	0
77	16	255	0	0
78	16	255	0	0
79	16	255	0	0
81	16	255	0	0
84	16	255	0	0
85	16	255	0	0
86	16	255	0	0
87	16	255	0	0
89	16	255	0	0
90	16	255	0	0
92	16	255	0	0
93	16	255	0	0
94	16	255	0	0
98	16	255	0	0
99	16	255	0	0
108	16	255	0	0
17	17	0	0	255
27	17	0	0	255
28	17	0	0	255
29	17	0	0	255
30	17	0	0	255
32	17	0	0	255
65	17	255	0	0
67	17	255	0	0
68	17	255	0	0
70	17	255	0	0
72	17	255	0	0
73	17	255	0	0
81	17	255	0	0
85	17	255	0	0
86	17	255	0	0
88	17	255	0	0
90	17	255	0	0
91	17	255	0	0
92	17	255	0	0
93	17	255	0	0
94	17	255	0	0
95	17	255	0	0
96	17	255	0	0
98	17	255	0	0
99	17	255	0	0
100	17	255	0	0
109	17	255	0	0
14	18	0	0	255
16	18	0	0	255
19	18	0	0	255
20	18	0	0	255
26	18	0	0	255
28	18	0	0	255
30	18	0	0	255
32	18	0	0	255
34	18	0	0	255
35	18	0	0	255
39	18	0	0	255
62	18	255	0	0
63	18	255	0	0
65	18	255	0	0
71	18	255	0	0
73	18	255	0	0
74	18	255	0	0
76	18	255	0	0
79	18	255	0	0
81	18	255	0	0
82	18	255	0	0
85	18	255	0	0
86	18	255	0	0
87	18	255	0	0
89	18	255	0	0
90	18	255	0	0
91	18	255	0	0
93	18	255	0	0
96	18	255	0	0
97	18	255	0	0
98	18	255	0	0
100	18	255	0	0
101	18	255	0	0
103	18	255	0	0
104	18	255	0	0
105	18	255	0	0
14	19	0	0	255
19	19	0	0	255
22	19	0	0	255
24	19	0	0	255
25	19	0	0	255
26	19	0	0	255
27	19	0	0	255
29	19	0	0	255
30	19	0	0	255
38	19	0	0	255
66	19	255	0	0
72	19	255	0	0
73	19	255	0	0
79	19	255	0	0
80	19	255	0	0
81	19	255	0	0
82	19	255	0	0
86	19	255	0	0
87	19	255	0	0
88	19	255	0	0
89	19	255	0	0
90	19	255	0	0
91	19	255	0	0
94	19	255	0	0
96	19	255	0	0
97	19	255	0	0
98	19	255	0	0
99	19	255	0	0
100	19	255	0	0
102	19	255	0	0
106	19	255	0	0
107	19	255	0	0
18	20	0	0	255
19	20	0	0	255
21	20	0	0	255
24	20	0	0	255
25	20	0	0	255
27	20	0	0	255
28	20	0	0	255
29	20	0	0	255
30	20	0	0	255
31	20	0	0	255
33	20	0	0	255
34	20	0	0	255
39	20	0	0	255
66	20	255	0	0
72	20	255	0	0
73	20	255	0	0
76	20	255	0	0
79	20	255	0	0
80	20	255	0	0
81	20	255	0	0
85	20	255	0	0
87	20	255	0	0
89	20	255	0	0
90	20	255	0	0
91	20	255	0	0
92	20	255	0	0
93	20	255	0	0
94	20	255	0	0
95	20	255	0	0
101	20	255	0	0
104	20	255	0	0
106	20	255	0	0
107	20	255	0	0
108	20	255	0	0
109	20	255	0	0
13	21	0	0	255
16	21	0	0	255
20	21	0	0	255
22	21	0	0	255
25	21	0	0	255
28	21	0	0	255
30	21	0	0	255
31	21	0	0	255
35	21	0	0	255
41	21	0	0	255
65	21	255	0	0
68	21	255	0	0
70	21	255	0	0
71	21	255	0	0
76	21	255	0	0
78	21	255	0	0
81	21	255	0	0
82	21	255	0	0
83	21	255	0	0
84	21	255	0	0
85	21	255	0	0
86	21	255	0	0
87	21	255	0	0
88	21	255	0	0
89	21	255	0	0
90	21	255	0	0
91	21	255	0	0
92	21	255	0	0
93	21	255	0	0
94	21	255	0	0
95	21	255	0	0
96	21	255	0	0
97	21	255	0	0
98	21	255	0	0
99	21	255	0	0
100	21	255	0	0
105	21	255	0	0
18	22	0	0	255
19	22	0	0	255
21	22	0	0	255
22	22	0	0	255
24	22	0	0	255
27	22	0	0	255
28	22	0	0	255
31	22	0	0	255
35	22	0	0	255
37	22	0	0	255
38	22	0	0	255
40	22	0	0	255
41	22	0	0	255
42	22	0	0	255
66	22	255	0	0
67	22	255	0	0
68	22	255	0	0
72	22	255	0	0
73	22	255	0	0
74	22	255	0	0
75	22	255	0	0
77	22	255	0	0
79	22	255	0	0
80	22	255	0	0
81	22	255	0	0
82	22	255	0	0
83	22	255	0	0
84	22	255	0	0
85	22	255	0	0
87	22	255	0	0
88	22	255	0	0
90	22	255	0	0
92	22	255	0	0
93	22	255	0	0
94	22	255	0	0
95	22	255	0	0
97	22	255	0	0
98	22	255	0	0
99	22	255	0	0
101	22	255	0	0
102	22	255	0	0
103	22	255	0	0
104	22	255	0	0
107	22	255	0	0
108	22	255	0	0
7	23	0	0	255
12	23	0	0	255
16	23	0	0	255
17	23	0	0	255
21	23	0	0	255
23	23	0	0	255
24	23	0	0	255
25	23	0	0	255
26	23	0	0	255
30	23	0	0	255
32	23	0	0	255
33	23	0	0	255
39	23	0	0	255
40	23	0	0	255
43	23	0	0	255
68	23	255	0	0
70	23	255	0	0
74	23	255	0	0
77	23	255	0	0
81	23	255	0	0
85	23	255	0	0
86	23	255	0	0
87	23	255	0	0
88	23	255	0	0
89	23	255	0	0
90	23	255	0	0
91	23	255	0	0
94	23	255	0	0
95	23	255	0	0
96	23	255	0	0
97	23	255	0	0
98	23	255	0	0
99	23	255	0	0
101	23	255	0	0
102	23	255	0	0
103	23	255	0	0
104	23	255	0	0
107	23	255	0	0
9	24	0	0	255
14	24	0	0	255
15	24	0	0	255
18	24	0	0	255
19	24	0	0	255
27	24	0	0	255
28	24	0	0	255
29	24	0	0	255
31	24	0	0	255
33	24	0	0	255
37	24	0	0	255
71	24	255	0	0
72	24	255	0	0
76	24	255	0	0
78	24	255	0	0
84	24	255	0	0
85	24	255	0	0
87	24	255	0	0
88	24	255	0	0
89	24	255	0	0
92	24	255	0	0
93	24	255	0	0
94	24	255	0	0
95	24	255	0	0
96	24	255	0	0
98	24	255	0	0
99	24	255	0	0
100	24	255	0	0
103	24	255	0	0
105	24	255	0	0
106	24	255	0	0
107	24	255	0	0
108	24	255	0	0
109	24	255	0	0
9	25	0	0	255
12	25	0	0	255
17	25	0	0	255
19	25	0	0	255
21	25	0	0	255
22	25	0	0	255
23	25	0	0	255
24	25	0	0	255
25	25	0	0	255
26	25	0	0	255
27	25	0	0	255
28	25	0	0	255
31	25	0	0	255
33	25	0	0	255
34	25	0	0	255
36	25	0	0	255
40	25	0	0	255
71	25	255	0	0
74	25	255	0	0
77	25	255	0	0
82	25	255	0	0
83	25	255	0	0
84	25	255	0	0
85	25	255	0	0
87	25	255	0	0
90	25	255	0	0
92	25	255	0	0
93	25	255	0	0
95	25	255	0	0
96	25	255	0	0
98	25	255	0	0
99	25	255	0	0
100	25	255	0	0
102	25	255	0	0
103	25	255	0	0
104	25	255	0	0
106	25	255	0	0
108	25	255	0	0
9	26	0	0	255
13	26	0	0	255
15	26	0	0	255
16	26	0	0	255
19	26	0	0	255
21	26	0	0	255
22	26	0	0	255
27	26	0	0	255
28	26	0	0	255
29	26	0	0	255
31	26	0	0	255
33	26	0	0	255
36	26	0	0	255
37	26	0	0	255
39	26	0	0	255
75	26	255	0	0
79	26	255	0	0
80	26	255	0	0
82	26	255	0	0
84	26	255	0	0
88	26	255	0	0
89	26	255	0	0
90	26	255	0	0
91	26	255	0	0
92	26	255	0	0
97	26	255	0	0
98	26	255	0	0
99	26	255	0	0
102	26	255	0	0
103	26	255	0	0
104	26	255	0	0
106	26	255	0	0
108	26	255	0	0
109	26	255	0	0
110	26	255	0	0
6	27	0	0	255
10	27	0	0	255
11	27	0	0	255
14	27	0	0	255
15	27	0	0	255
18	27	0	0	255
19	27	0	0	255
21	27	0	0	255
22	27	0	0	255
23	27	0	0	255
26	27	0	0	255
29	27	0	0	255
30	27	0	0	255
32	27	0	0	255
33	27	0	0	255
34	27	0	0	255
44	27	0	0	255
73	27	255	0	0
75	27	255	0	0
76	27	255	0	0
77	27	255	0	0
78	27	255	0	0
79	27	255	0	0
80	27	255	0	0
81	27	255	0	0
84	27	255	0	0
86	27	255	0	0
88	27	255	0	0
89	27	255	0	0
91	27	255	0	0
92	27	255	0	0
93	27	255	0	0
94	27	255	0	0
96	27	255	0	0
97	27	255	0	0
99	27	255	0	0
102	27	255	0	0
103	27	255	0	0
104	27	255	0	0
105	27	255	0	0
106	27	255	0	0
108	27	255	0	0
10	28	0	0	255
13	28	0	0	255
16	28	0	0	255
17	28	0	0	255
19	28	0	0	255
20	28	0	0	255
22	28	0	0	255
23	28	0	0	255
24	28	0	0	255
26	28	0	0	255
27	28	0	0	255
29	28	0	0	255
30	28	0	0	255
35	28	0	0	255
36	28	0	0	255
37	28	0	0	255
38	28	0	0	255
40	28	0	0	255
42	28	0	0	255
74	28	255	0	0
80	28	255	0	0
85	28	255	0	0
89	28	255	0	0
90	28	255	0	0
91	28	255	0	0
92	28	255	0	0
93	28	255	0	0
95	28	255	0	0
96	28	255	0	0
97	28	255	0	0
99	28	255	0	0
100	28	255	0	0
101	28	255	0	0
103	28	255	0	0
104	28	255	0	0
105	28	255	0	0
17	29	0	0	255
19	29	0	0	255
21	29	0	0	255
22	29	0	0	255
23	29	0	0	255
26	29	0	0	255
27	29	0	0	255
28	29	0	0	255
29	29	0	0	255
32	29	0	0	255
33	29	0	0	255
35	29	0	0	255
36	29	0	0	255
39	29	0	0	255
43	29	0	0	255
81	29	255	0	0
84	29	255	0	0
87	29	255	0	0
88	29	255	0	0
89	29	255	0	0
90	29	255	0	0
91	29	255	0	0
92	29	255	0	0
93	29	255	0	0
96	29	255	0	0
97	29	255	0	0
98	29	255	0	0
99	29	255	0	0
100	29	255	0	0
102	29	255	0	0
104	29	255	0	0
105	29	255	0	0
106	29	255	0	0
108	29	255	0	0
109	29	255	0	0
7	30	0	0	255
10	30	0	0	255
11	30	0	0	255
16	30	0	0	255
21	30	0	0	255
22	30	0	0	255
24	30	0	0	255
25	30	0	0	255
26	30	0	0	255
27	30	0	0	255
28	30	0	0	255
30	30	0	0	255
33	30	0	0	255
34	30	0	0	255
35	30	0	0	255
36	30	0	0	255
37	30	0	0	255
40	30	0	0	255
43	30	0	0	255
44	30	0	0	255
82	30	255	0	0
84	30	255	0	0
86	30	255	0	0
87	30	255	0	0
90	30	255	0	0
92	30	255	0	0
94	30	255	0	0
95	30	255	0	0
96	30	255	0	0
98	30	255	0	0
99	30	255	0	0
100	30	255	0	0
102	30	255	0	0
103	30	255	0	0
104	30	255	0	0
105	30	255	0	0
108	30	255	0	0
109	30	255	0	0
110	30	255	0	0
111	30	255	0	0
3	31	0	0	255
6	31	0	0	255
8	31	0	0	255
11	31	0	0	255
12	31	0	0	255
13	31	0	0	255
18	31	0	0	255
24	31	0	0	255
26	31	0	0	255
28	31	0	0	255
29	31	0	0	255
31	31	0	0	255
32	31	0	0	255
33	31	0	0	255
34	31	0	0	255
36	31	0	0	255
43	31	0	0	255
79	31	255	0	0
83	31	255	0	0
86	31	255	0	0
87	31	255	0	0
88	31	255	0	0
90	31	255	0	0
91	31	255	0	0
92	31	255	0	0
93	31	255	0	0
94	31	255	0	0
95	31	255	0	0
96	31	255	0	0
97	31	255	0	0
98	31	255	0	0
99	31	255	0	0
101	31	255	0	0
102	31	255	0	0
107	31	255	0	0
108	31	255	0	0
110	31	255	0	0
7	32	0	0	255
10	32	0	0	255
12	32	0	0	255
15	32	0	0	255
16	32	0	0	255
18	32	0	0	255
20	32	0	0	255
21	32	0	0	255
24	32	0	0	255
25	32	0	0	255
31	32	0	0	255
32	32	0	0	255
33	32	0	0	255
79	32	255	0	0
80	32	255	0	0
81	32	255	0	0
82	32	255	0	0
85	32	255	0	0
87	32	255	0	0
89	32	255	0	0
91	32	255	0	0
94	32	255	0	0
96	32	255	0	0
97	32	255	0	0
98	32	255	0	0
99	32	255	0	0
100	32	255	0	0
103	32	255	0	0
108	32	255	0	0
3	33	0	0	255
4	33	0	0	255
5	33	0	0	255
9	33	0	0	255
11	33	0	0	255
12	33	0	0	255
14	33	0	0	255
15	33	0	0	255
16	33	0	0	255
17	33	0	0	255
19	33	0	0	255
22	33	0	0	255
23	33	0	0	255
24	33	0	0	255
27	33	0	0	255
28	33	0	0	255
34	33	0	0	255
80	33	255	0	0
81	33	255	0	0
82	33	255	0	0
83	33	255	0	0
85	33	255	0	0
87	33	255	0	0
88	33	255	0	0
90	33	255	0	0
92	33	255	0	0
94	33	255	0	0
95	33	255	0	0
96	33	255	0	0
98	33	255	0	0
99	33	255	0	0
100	33	255	0	0
101	33	255	0	0
102	33	255	0	0
104	33	255	0	0
108	33	255	0	0
110	33	255	0	0
111	33	255	0	0
2	34	0	0	255
3	34	0	0	255
7	34	0	0	255
12	34	0	0	255
14	34	0	0	255
15	34	0	0	255
17	34	0	0	255
18	34	0	0	255
20	34	0	0	255
21	34	0	0	255
23	34	0	0	255
24	34	0	0	255
25	34	0	0	255
26	34	0	0	255
27	34	0	0	255
28	34	0	0	255
29	34	0	0	255
30	34	0	0	255
32	34	0	0	255
34	34	0	0	255
81	34	255	0	0
84	34	255	0	0
85	34	255	0	0
86	34	255	0	0
87	34	255	0	0
88	34	255	0	0
89	34	255	0	0
90	34	255	0	0
92	34	255	0	0
97	34	255	0	0
98	34	255	0	0
99	34	255	0	0
100	34	255	0	0
101	34	255	0	0
102	34	255	0	0
105	34	255	0	0
106	34	255	0	0
107	34	255	0	0
110	34	255	0	0
0	35	0	0	255
3	35	0	0	255
10	35	0	0	255
12	35	0	0	255
16	35	0	0	255
19	35	0	0	255
22	35	0	0	255
24	35	0	0	255
25	35	0	0	255
26	35	0	0	255
27	35	0	0	255
28	35	0	0	255
30	35	0	0	255
31	35	0	0	255
32	35	0	0	255
33	35	0	0	255
35	35	0	0	255
78	35	255	0	0
80	35	255	0	0
84	35	255	0	0
86	35	255	0	0
89	35	255	0	0
90	35	255	0	0
92	35	255	0	0
94	35	255	0	0
95	35	255	0	0
98	35	255	0	0
102	35	255	0	0
103	35	255	0	0
104	35	255	0	0
105	35	255	0	0
106	35	255	0	0
107	35	255	0	0
108	35	255	0	0
109	35	255	0	0
12	36	0	0	255
14	36	0	0	255
17	36	0	0	255
19	36	0	0	255
20	36	0	0	255
22	36	0	0	255
23	36	0	0	255
24	36	0	0	255
29	36	0	0	255
77	36	255	0	0
80	36	255	0	0
83	36	255	0	0
85	36	255	0	0
88	36	255	0	0
90	36	255	0	0
91	36	255	0	0
92	36	255	0	0
94	36	255	0	0
95	36	255	0	0
96	36	255	0	0
101	36	255	0	0
102	36	255	0	0
103	36	255	0	0
106	36	255	0	0
107	36	255	0	0
109	36	255	0	0
1	37	0	0	255
2	37	0	0	255
5	37	0	0	255
15	37	0	0	255
16	37	0	0	255
17	37	0	0	255
18	37	0	0	255
19	37	0	0	255
23	37	0	0	255
24	37	0	0	255
26	37	0	0	255
27	37	0	0	255
28	37	0	0	255
29	37	0	0	255
31	37	0	0	255
32	37	0	0	255
35	37	0	0	255
39	37	0	0	255
80	37	255	0	0
82	37	255	0	0
84	37	255	0	0
85	37	255	0	0
86	37	255	0	0
87	37	255	0	0
88	37	255	0	0
89	37	255	0	0
91	37	255	0	0
92	37	255	0	0
94	37	255	0	0
96	37	255	0	0
97	37	255	0	0
98	37	255	0	0
100	37	255	0	0
102	37	255	0	0
104	37	255	0	0
105	37	255	0	0
9	38	0	0	255
14	38	0	0	255
17	38	0	0	255
19	38	0	0	255
20	38	0	0	255
21	38	0	0	255
23	38	0	0	255
24	38	0	0	255
28	38	0	0	255
34	38	0	0	255
79	38	255	0	0
81	38	255	0	0
83	38	255	0	0
85	38	255	0	0
86	38	255	0	0
88	38	255	0	0
91	38	255	0	0
92	38	255	0	0
94	38	255	0	0
95	38	255	0	0
99	38	255	0	0
103	38	255	0	0
104	38	255	0	0
105	38	255	0	0
106	38	255	0	0
107	38	255	0	0
108	38	255	0	0
110	38	255	0	0
112	38	255	0	0
4	39	0	0	255
5	39	0	0	255
7	39	0	0	255
12	39	0	0	255
14	39	0	0	255
15	39	0	0	255
19	39	0	0	255
20	39	0	0	255
21	39	0	0	255
23	39	0	0	255
27	39	0	0	255
28	39	0	0	255
29	39	0	0	255
30	39	0	0	255
31	39	0	0	255
78	39	255	0	0
81	39	255	0	0
82	39	255	0	0
84	39	255	0	0
85	39	255	0	0
86	39	255	0	0
87	39	255	0	0
88	39	255	0	0
90	39	255	0	0
91	39	255	0	0
93	39	255	0	0
94	39	255	0	0
95	39	255	0	0
96	39	255	0	0
97	39	255	0	0
99	39	255	0	0
100	39	255	0	0
105	39	255	0	0
106	39	255	0	0
109	39	255	0	0
110	39	255	0	0
111	39	255	0	0
115	39	255	0	0
2	40	0	0	255
3	40	0	0	255
6	40	0	0	255
8	40	0	0	255
11	40	0	0	255
14	40	0	0	255
15	40	0	0	255
16	40	0	0	255
17	40	0	0	255
18	40	0	0	255
19	40	0	0	255
20	40	0	0	255
22	40	0	0	255
23	40	0	0	255
24	40	0	0	255
25	40	0	0	255
26	40	0	0	255
27	40	0	0	255
30	40	0	0	255
31	40	0	0	255
32	40	0	0	255
71	40	255	0	0
76	40	255	0	0
78	40	255	0	0
80	40	255	0	0
81	40	255	0	0
83	40	255	0	0
85	40	255	0	0
86	40	255	0	0
87	40	255	0	0
89	40	255	0	0
90	40	255	0	0
92	40	255	0	0
93	40	255	0	0
94	40	255	0	0
96	40	255	0	0
97	40	255	0	0
106	40	255	0	0
109	40	255	0	0
112	40	255	0	0
113	40	255	0	0
1	41	0	0	255
3	41	0	0	255
7	41	0	0	255
10	41	0	0	255
11	41	0	0	255
13	41	0	0	255
18	41	0	0	255
19	41	0	0	255
20	41	0	0	255
21	41	0	0	255
22	41	0	0	255
23	41	0	0	255
25	41	0	0	255
28	41	0	0	255
30	41	0	0	255
71	41	255	0	0
78	41	255	0	0
81	41	255	0	0
82	41	255	0	0
84	41	255	0	0
85	41	255	0	0
88	41	255	0	0
90	41	255	0	0
91	41	255	0	0
92	41	255	0	0
93	41	255	0	0
94	41	255	0	0
95	41	255	0	0
96	41	255	0	0
99	41	255	0	0
101	41	255	0	0
102	41	255	0	0
104	41	255	0	0
105	41	255	0	0
107	41	255	0	0
108	41	255	0	0
109	41	255	0	0
3	42	0	0	255
4	42	0	0	255
5	42	0	0	255
6	42	0	0	255
9	42	0	0	255
11	42	0	0	255
15	42	0	0	255
17	42	0	0	255
19	42	0	0	255
22	42	0	0	255
23	42	0	0	255
24	42	0	0	255
25	42	0	0	255
31	42	0	0	255
68	42	255	0	0
71	42	255	0	0
73	42	255	0	0
75	42	255	0	0
76	42	255	0	0
77	42	255	0	0
78	42	255	0	0
79	42	255	0	0
80	42	255	0	0
82	42	255	0	0
85	42	255	0	0
87	42	255	0	0
89	42	255	0	0
90	42	255	0	0
91	42	255	0	0
92	42	255	0	0
93	42	255	0	0
94	42	255	0	0
95	42	255	0	0
97	42	255	0	0
98	42	255	0	0
100	42	255	0	0
101	42	255	0	0
102	42	255	0	0
105	42	255	0	0
107	42	255	0	0
109	42	255	0	0
110	42	255	0	0
113	42	255	0	0
114	42	255	0	0
1	43	0	0	255
8	43	0	0	255
9	43	0	0	255
11	43	0	0	255
13	43	0	0	255
14	43	0	0	255
15	43	0	0	255
16	43	0	0	255
18	43	0	0	255
20	43	0	0	255
21	43	0	0	255
23	43	0	0	255
25	43	0	0	255
26	43	0	0	255
28	43	0	0	255
29	43	0	0	255
30	43	0	0	255
74	43	255	0	0
78	43	255	0	0
79	43	255	0	0
80	43	255	0	0
81	43	255	0	0
85	43	255	0	0
87	43	255	0	0
89	43	255	0	0
90	43	255	0	0
91	43	255	0	0
93	43	255	0	0
95	43	255	0	0
96	43	255	0	0
98	43	255	0	0
99	43	255	0	0
104	43	255	0	0
105	43	255	0	0
106	43	255	0	0
107	43	255	0	0
113	43	255	0	0
115	43	255	0	0
0	44	0	0	255
1	44	0	0	255
7	44	0	0	255
12	44	0	0	255
13	44	0	0	255
14	44	0	0	255
16	44	0	0	255
18	44	0	0	255
19	44	0	0	255
21	44	0	0	255
23	44	0	0	255
24	44	0	0	255
27	44	0	0	255
29	44	0	0	255
30	44	0	0	255
68	44	255	0	0
75	44	255	0	0
77	44	255	0	0
79	44	255	0	0
81	44	255	0	0
85	44	255	0	0
86	44	255	0	0
87	44	255	0	0
90	44	255	0	0
91	44	255	0	0
94	44	255	0	0
95	44	255	0	0
96	44	255	0	0
97	44	255	0	0
98	44	255	0	0
99	44	255	0	0
100	44	255	0	0
102	44	255	0	0
103	44	255	0	0
104	44	255	0	0
105	44	255	0	0
106	44	255	0	0
108	44	255	0	0
109	44	255	0	0
110	44	255	0	0
111	44	255	0	0
112	44	255	0	0
113	44	255	0	0
115	44	255	0	0
6	45	0	0	255
8	45	0	0	255
10	45	0	0	255
11	45	0	0	255
14	45	0	0	255
15	45	0	0	255
16	45	0	0	255
17	45	0	0	255
21	45	0	0	255
23	45	0	0	255
24	45	0	0	255
26	45	0	0	255
27	45	0	0	255
28	45	0	0	255
63	45	255	0	0
74	45	255	0	0
77	45	255	0	0
78	45	255	0	0
79	45	255	0	0
81	45	255	0	0
82	45	255	0	0
84	45	255	0	0
85	45	255	0	0
87	45	255	0	0
92	45	255	0	0
93	45	255	0	0
95	45	255	0	0
96	45	255	0	0
97	45	255	0	0
98	45	255	0	0
100	45	255	0	0
101	45	255	0	0
102	45	255	0	0
106	45	255	0	0
107	45	255	0	0
110	45	255	0	0
111	45	255	0	0
115	45	255	0	0
8	46	0	0	255
11	46	0	0	255
12	46	0	0	255
14	46	0	0	255
16	46	0	0	255
18	46	0	0	255
19	46	0	0	255
21	46	0	0	255
22	46	0	0	255
23	46	0	0	255
24	46	0	0	255
25	46	0	0	255
26	46	0	0	255
27	46	0	0	255
28	46	0	0	255
32	46	0	0	255
66	46	255	0	0
67	46	255	0	0
70	46	255	0	0
71	46	255	0	0
73	46	255	0	0
78	46	255	0	0
79	46	255	0	0
80	46	255	0	0
81	46	255	0	0
82	46	255	0	0
83	46	255	0	0
84	46	255	0	0
85	46	255	0	0
87	46	255	0	0
89	46	255	0	0
91	46	255	0	0
92	46	255	0	0
93	46	255	0	0
95	46	255	0	0
96	46	255	0	0
97	46	255	0	0
100	46	255	0	0
101	46	255	0	0
102	46	255	0	0
104	46	255	0	0
108	46	255	0	0
109	46	255	0	0
110	46	255	0	0
112	46	255	0	0
113	46	255	0	0
3	47	0	0	255
5	47	0	0	255
7	47	0	0	255
9	47	0	0	255
11	47	0	0	255
12	47	0	0	255
15	47	0	0	255
16	47	0	0	255
17	47	0	0	255
18	47	0	0	255
19	47	0	0	255
21	47	0	0	255
22	47	0	0	255
23	47	0	0	255
24	47	0	0	255
25	47	0	0	255
26	47	0	0	255
28	47	0	0	255
29	47	0	0	255
65	47	255	0	0
67	47	255	0	0
68	47	255	0	0
77	47	255	0	0
78	47	255	0	0
79	47	255	0	0
80	47	255	0	0
81	47	255	0	0
82	47	255	0	0
83	47	255	0	0
84	47	255	0	0
87	47	255	0	0
92	47	255	0	0
94	47	255	0	0
95	47	255	0	0
96	47	255	0	0
97	47	255	0	0
100	47	255	0	0
101	47	255	0	0
102	47	255	0	0
106	47	255	0	0
107	47	255	0	0
108	47	255	0	0
109	47	255	0	0
111	47	255	0	0
113	47	255	0	0
3	48	0	0	255
5	48	0	0	255
6	48	0	0	255
7	48	0	0	255
8	48	0	0	255
10	48	0	0	255
11	48	0	0	255
14	48	0	0	255
15	48	0	0	255
18	48	0	0	255
19	48	0	0	255
22	48	0	0	255
23	48	0	0	255
25	48	0	0	255
26	48	0	0	255
27	48	0	0	255
29	48	0	0	255
30	48	0	0	255
31	48	0	0	255
34	48	0	0	255
73	48	255	0	0
74	48	255	0	0
75	48	255	0	0
76	48	255	0	0
78	48	255	0	0
81	48	255	0	0
82	48	255	0	0
84	48	255	0	0
88	48	255	0	0
93	48	255	0	0
94	48	255	0	0
95	48	255	0	0
96	48	255	0	0
97	48	255	0	0
98	48	255	0	0
99	48	255	0	0
101	48	255	0	0
103	48	255	0	0
104	48	255	0	0
105	48	255	0	0
106	48	255	0	0
108	48	255	0	0
110	48	255	0	0
111	48	255	0	0
113	48	255	0	0
114	48	255	0	0
115	48	255	0	0
116	48	255	0	0
4	49	0	0	255
6	49	0	0	255
9	49	0	0	255
11	49	0	0	255
16	49	0	0	255
17	49	0	0	255
18	49	0	0	255
19	49	0	0	255
20	49	0	0	255
21	49	0	0	255
22	49	0	0	255
23	49	0	0	255
28	49	0	0	255
29	49	0	0	255
30	49	0	0	255
31	49	0	0	255
64	49	255	0	0
65	49	255	0	0
68	49	255	0	0
71	49	255	0	0
74	49	255	0	0
77	49	255	0	0
78	49	255	0	0
79	49	255	0	0
86	49	255	0	0
88	49	255	0	0
90	49	255	0	0
92	49	255	0	0
93	49	255	0	0
94	49	255	0	0
96	49	255	0	0
100	49	255	0	0
101	49	255	0	0
102	49	255	0	0
103	49	255	0	0
104	49	255	0	0
105	49	255	0	0
107	49	255	0	0
109	49	255	0	0
110	49	255	0	0
111	49	255	0	0
112	49	255	0	0
115	49	255	0	0
116	49	255	0	0
3	50	0	0	255
6	50	0	0	255
7	50	0	0	255
11	50	0	0	255
12	50	0	0	255
13	50	0	0	255
14	50	0	0	255
15	50	0	0	255
16	50	0	0	255
17	50	0	0	255
18	50	0	0	255
20	50	0	0	255
21	50	0	0	255
23	50	0	0	255
24	50	0	0	255
25	50	0	0	255
26	50	0	0	255
27	50	0	0	255
28	50	0	0	255
29	50	0	0	255
30	50	0	0	255
31	50	0	0	255
32	50	0	0	255
33	50	0	0	255
70	50	255	0	0
74	50	255	0	0
76	50	255	0	0
77	50	255	0	0
78	50	255	0	0
80	50	255	0	0
84	50	255	0	0
88	50	255	0	0
94	50	255	0	0
95	50	255	0	0
96	50	255	0	0
97	50	255	0	0
98	50	255	0	0
99	50	255	0	0
100	50	255	0	0
101	50	255	0	0
102	50	255	0	0
103	50	255	0	0
104	50	255	0	0
105	50	255	0	0
107	50	255	0	0
108	50	255	0	0
109	50	255	0	0
110	50	255	0	0
111	50	255	0	0
114	50	255	0	0
115	50	255	0	0
4	51	0	0	255
5	51	0	0	255
9	51	0	0	255
10	51	0	0	255
11	51	0	0	255
12	51	0	0	255
13	51	0	0	255
14	51	0	0	255
16	51	0	0	255
17	51	0	0	255
18	51	0	0	255
19	51	0	0	255
20	51	0	0	255
21	51	0	0	255
23	51	0	0	255
24	51	0	0	255
26	51	0	0	255
28	51	0	0	255
29	51	0	0	255
30	51	0	0	255
31	51	0	0	255
32	51	0	0	255
33	51	0	0	255
34	51	0	0	255
68	51	255	0	0
73	51	255	0	0
74	51	255	0	0
75	51	255	0	0
77	51	255	0	0
78	51	255	0	0
81	51	255	0	0
83	51	255	0	0
84	51	255	0	0
86	51	255	0	0
88	51	255	0	0
89	51	255	0	0
90	51	255	0	0
92	51	255	0	0
94	51	255	0	0
96	51	255	0	0
97	51	255	0	0
98	51	255	0	0
100	51	255	0	0
101	51	255	0	0
102	51	255	0	0
103	51	255	0	0
104	51	255	0	0
105	51	255	0	0
107	51	255	0	0
108	51	255	0	0
111	51	255	0	0
113	51	255	0	0
1	52	0	0	255
8	52	0	0	255
12	52	0	0	255
13	52	0	0	255
14	52	0	0	255
15	52	0	0	255
16	52	0	0	255
17	52	0	0	255
18	52	0	0	255
19	52	0	0	255
20	52	0	0	255
22	52	0	0	255
23	52	0	0	255
24	52	0	0	255
25	52	0	0	255
27	52	0	0	255
28	52	0	0	255
29	52	0	0	255
30	52	0	0	255
31	52	0	0	255
32	52	0	0	255
33	52	0	0	255
67	52	255	0	0
68	52	255	0	0
70	52	255	0	0
72	52	255	0	0
75	52	255	0	0
76	52	255	0	0
78	52	255	0	0
81	52	255	0	0
84	52	255	0	0
86	52	255	0	0
89	52	255	0	0
90	52	255	0	0
91	52	255	0	0
92	52	255	0	0
95	52	255	0	0
96	52	255	0	0
98	52	255	0	0
99	52	255	0	0
100	52	255	0	0
101	52	255	0	0
104	52	255	0	0
105	52	255	0	0
108	52	255	0	0
109	52	255	0	0
110	52	255	0	0
111	52	255	0	0
112	52	255	0	0
116	52	255	0	0
3	53	0	0	255
4	53	0	0	255
10	53	0	0	255
11	53	0	0	255
12	53	0	0	255
13	53	0	0	255
14	53	0	0	255
15	53	0	0	255
17	53	0	0	255
18	53	0	0	255
19	53	0	0	255
20	53	0	0	255
21	53	0	0	255
22	53	0	0	255
24	53	0	0	255
25	53	0	0	255
26	53	0	0	255
28	53	0	0	255
29	53	0	0	255
30	53	0	0	255
31	53	0	0	255
33	53	0	0	255
35	53	0	0	255
70	53	255	0	0
73	53	255	0	0
75	53	255	0	0
77	53	255	0	0
78	53	255	0	0
79	53	255	0	0
80	53	255	0	0
81	53	255	0	0
82	53	255	0	0
83	53	255	0	0
84	53	255	0	0
85	53	255	0	0
86	53	255	0	0
88	53	255	0	0
90	53	255	0	0
92	53	255	0	0
94	53	255	0	0
96	53	255	0	0
97	53	255	0	0
99	53	255	0	0
100	53	255	0	0
101	53	255	0	0
102	53	255	0	0
103	53	255	0	0
104	53	255	0	0
105	53	255	0	0
108	53	255	0	0
109	53	255	0	0
110	53	255	0	0
112	53	255	0	0
113	53	255	0	0
5	54	0	0	255
7	54	0	0	255
8	54	0	0	255
9	54	0	0	255
12	54	0	0	255
14	54	0	0	255
15	54	0	0	255
16	54	0	0	255
17	54	0	0	255
18	54	0	0	255
19	54	0	0	255
20	54	0	0	255
21	54	0	0	255
23	54	0	0	255
31	54	0	0	255
32	54	0	0	255
34	54	0	0	255
35	54	0	0	255
37	54	0	0	255
69	54	255	0	0
71	54	255	0	0
72	54	255	0	0
73	54	255	0	0
74	54	255	0	0
79	54	255	0	0
80	54	255	0	0
82	54	255	0	0
83	54	255	0	0
84	54	255	0	0
85	54	255	0	0
86	54	255	0	0
89	54	255	0	0
91	54	255	0	0
92	54	255	0	0
93	54	255	0	0
94	54	255	0	0
96	54	255	0	0
97	54	255	0	0
99	54	255	0	0
100	54	255	0	0
101	54	255	0	0
102	54	255	0	0
104	54	255	0	0
105	54	255	0	0
107	54	255	0	0
108	54	255	0	0
109	54	255	0	0
112	54	255	0	0
113	54	255	0	0
2	55	0	0	255
11	55	0	0	255
12	55	0	0	255
13	55	0	0	255
14	55	0	0	255
15	55	0	0	255
16	55	0	0	255
17	55	0	0	255
18	55	0	0	255
19	55	0	0	255
20	55	0	0	255
21	55	0	0	255
22	55	0	0	255
23	55	0	0	255
24	55	0	0	255
25	55	0	0	255
26	55	0	0	255
27	55	0	0	255
28	55	0	0	255
30	55	0	0	255
31	55	0	0	255
33	55	0	0	255
34	55	0	0	255
36	55	0	0	255
73	55	255	0	0
75	55	255	0	0
76	55	255	0	0
77	55	255	0	0
78	55	255	0	0
79	55	255	0	0
81	55	255	0	0
82	55	255	0	0
83	55	255	0	0
84	55	255	0	0
85	55	255	0	0
88	55	255	0	0
91	55	255	0	0
92	55	255	0	0
93	55	255	0	0
97	55	255	0	0
99	55	255	0	0
100	55	255	0	0
101	55	255	0	0
102	55	255	0	0
103	55	255	0	0
107	55	255	0	0
108	55	255	0	0
110	55	255	0	0
111	55	255	0	0
3	56	0	0	255
5	56	0	0	255
11	56	0	0	255
12	56	0	0	255
13	56	0	0	255
14	56	0	0	255
15	56	0	0	255
16	56	0	0	255
17	56	0	0	255
18	56	0	0	255
19	56	0	0	255
20	56	0	0	255
21	56	0	0	255
22	56	0	0	255
23	56	0	0	255
26	56	0	0	255
28	56	0	0	255
29	56	0	0	255
30	56	0	0	255
31	56	0	0	255
32	56	0	0	255
33	56	0	0	255
34	56	0	0	255
35	56	0	0	255
37	56	0	0	255
65	56	255	0	0
66	56	255	0	0
71	56	255	0	0
72	56	255	0	0
73	56	255	0	0
77	56	255	0	0
78	56	255	0	0
79	56	255	0	0
80	56	255	0	0
82	56	255	0	0
84	56	255	0	0
85	56	255	0	0
87	56	255	0	0
89	56	255	0	0
90	56	255	0	0
92	56	255	0	0
94	56	255	0	0
97	56	255	0	0
98	56	255	0	0
99	56	255	0	0
102	56	255	0	0
105	56	255	0	0
107	56	255	0	0
108	56	255	0	0
110	56	255	0	0
112	56	255	0	0
114	56	255	0	0
3	57	0	0	255
9	57	0	0	255
11	57	0	0	255
13	57	0	0	255
15	57	0	0	255
16	57	0	0	255
17	57	0	0	255
18	57	0	0	255
19	57	0	0	255
21	57	0	0	255
22	57	0	0	255
23	57	0	0	255
24	57	0	0	255
25	57	0	0	255
26	57	0	0	255
27	57	0	0	255
29	57	0	0	255
30	57	0	0	255
31	57	0	0	255
32	57	0	0	255
35	57	0	0	255
36	57	0	0	255
37	57	0	0	255
38	57	0	0	255
40	57	0	0	255
41	57	0	0	255
69	57	255	0	0
73	57	255	0	0
74	57	255	0	0
79	57	255	0	0
83	57	255	0	0
84	57	255	0	0
85	57	255	0	0
87	57	255	0	0
88	57	255	0	0
89	57	255	0	0
90	57	255	0	0
91	57	255	0	0
93	57	255	0	0
94	57	255	0	0
95	57	255	0	0
96	57	255	0	0
98	57	255	0	0
99	57	255	0	0
101	57	255	0	0
102	57	255	0	0
103	57	255	0	0
106	57	255	0	0
107	57	255	0	0
108	57	255	0	0
110	57	255	0	0
115	57	255	0	0
3	58	0	0	255
6	58	0	0	255
7	58	0	0	255
9	58	0	0	255
13	58	0	0	255
17	58	0	0	255
18	58	0	0	255
19	58	0	0	255
20	58	0	0	255
21	58	0	0	255
22	58	0	0	255
27	58	0	0	255
28	58	0	0	255
32	58	0	0	255
34	58	0	0	255
35	58	0	0	255
36	58	0	0	255
37	58	0	0	255
38	58	0	0	255
39	58	0	0	255
40	58	0	0	255
41	58	0	0	255
44	58	0	0	255
67	58	255	0	0
69	58	255	0	0
70	58	255	0	0
73	58	255	0	0
77	58	255	0	0
78	58	255	0	0
79	58	255	0	0
80	58	255	0	0
81	58	255	0	0
82	58	255	0	0
83	58	255	0	0
85	58	255	0	0
86	58	255	0	0
87	58	255	0	0
88	58	255	0	0
89	58	255	0	0
90	58	255	0	0
91	58	255	0	0
92	58	255	0	0
93	58	255	0	0
97	58	255	0	0
98	58	255	0	0
102	58	255	0	0
104	58	255	0	0
106	58	255	0	0
108	58	255	0	0
110	58	255	0	0
5	59	0	0	255
10	59	0	0	255
15	59	0	0	255
17	59	0	0	255
18	59	0	0	255
19	59	0	0	255
21	59	0	0	255
22	59	0	0	255
23	59	0	0	255
24	59	0	0	255
26	59	0	0	255
27	59	0	0	255
28	59	0	0	255
29	59	0	0	255
30	59	0	0	255
32	59	0	0	255
33	59	0	0	255
34	59	0	0	255
37	59	0	0	255
38	59	0	0	255
39	59	0	0	255
40	59	0	0	255
41	59	0	0	255
42	59	0	0	255
70	59	255	0	0
74	59	255	0	0
75	59	255	0	0
78	59	255	0	0
79	59	255	0	0
80	59	255	0	0
81	59	255	0	0
83	59	255	0	0
87	59	255	0	0
88	59	255	0	0
89	59	255	0	0
90	59	255	0	0
91	59	255	0	0
92	59	255	0	0
93	59	255	0	0
95	59	255	0	0
98	59	255	0	0
100	59	255	0	0
101	59	255	0	0
102	59	255	0	0
109	59	255	0	0
111	59	255	0	0
113	59	255	0	0
4	60	0	0	255
5	60	0	0	255
9	60	0	0	255
10	60	0	0	255
11	60	0	0	255
12	60	0	0	255
13	60	0	0	255
14	60	0	0	255
15	60	0	0	255
16	60	0	0	255
17	60	0	0	255
18	60	0	0	255
20	60	0	0	255
21	60	0	0	255
23	60	0	0	255
24	60	0	0	255
25	60	0	0	255
26	60	0	0	255
27	60	0	0	255
28	60	0	0	255
29	60	0	0	255
32	60	0	0	255
33	60	0	0	255
36	60	0	0	255
37	60	0	0	255
39	60	0	0	255
42	60	0	0	255
44	60	0	0	255
46	60	0	0	255
48	60	0	0	255
66	60	255	0	0
69	60	255	0	0
71	60	255	0	0
72	60	255	0	0
75	60	255	0	0
77	60	255	0	0
78	60	255	0	0
79	60	255	0	0
80	60	255	0	0
83	60	255	0	0
84	60	255	0	0
85	60	255	0	0
87	60	255	0	0
89	60	255	0	0
91	60	255	0	0
92	60	255	0	0
93	60	255	0	0
94	60	255	0	0
101	60	255	0	0
102	60	255	0	0
104	60	255	0	0
107	60	255	0	0
109	60	255	0	0
112	60	255	0	0
113	60	255	0	0
7	61	0	0	255
8	61	0	0	255
10	61	0	0	255
11	61	0	0	255
13	61	0	0	255
15	61	0	0	255
16	61	0	0	255
17	61	0	0	255
18	61	0	0	255
19	61	0	0	255
20	61	0	0	255
21	61	0	0	255
22	61	0	0	255
23	61	0	0	255
25	61	0	0	255
26	61	0	0	255
27	61	0	0	255
28	61	0	0	255
30	61	0	0	255
31	61	0	0	255
37	61	0	0	255
39	61	0	0	255
42	61	0	0	255
45	61	0	0	255
46	61	0	0	255
69	61	255	0	0
72	61	255	0	0
73	61	255	0	0
74	61	255	0	0
76	61	255	0	0
78	61	255	0	0
80	61	255	0	0
81	61	255	0	0
82	61	255	0	0
83	61	255	0	0
88	61	255	0	0
89	61	255	0	0
90	61	255	0	0
92	61	255	0	0
97	61	255	0	0
101	61	255	0	0
102	61	255	0	0
103	61	255	0	0
104	61	255	0	0
106	61	255	0	0
108	61	255	0	0
109	61	255	0	0
110	61	255	0	0
111	61	255	0	0
112	61	255	0	0
114	61	255	0	0
5	62	0	0	255
12	62	0	0	255
14	62	0	0	255
15	62	0	0	255
17	62	0	0	255
18	62	0	0	255
19	62	0	0	255
20	62	0	0	255
21	62	0	0	255
23	62	0	0	255
24	62	0	0	255
25	62	0	0	255
26	62	0	0	255
27	62	0	0	255
28	62	0	0	255
29	62	0	0	255
30	62	0	0	255
32	62	0	0	255
36	62	0	0	255
37	62	0	0	255
39	62	0	0	255
40	62	0	0	255
41	62	0	0	255
44	62	0	0	255
48	62	0	0	255
72	62	255	0	0
77	62	255	0	0
85	62	255	0	0
89	62	255	0	0
95	62	255	0	0
98	62	255	0	0
99	62	255	0	0
101	62	255	0	0
104	62	255	0	0
105	62	255	0	0
109	62	255	0	0
110	62	255	0	0
112	62	255	0	0
7	63	0	0	255
8	63	0	0	255
10	63	0	0	255
11	63	0	0	255
17	63	0	0	255
18	63	0	0	255
20	63	0	0	255
21	63	0	0	255
22	63	0	0	255
23	63	0	0	255
24	63	0	0	255
25	63	0	0	255
26	63	0	0	255
28	63	0	0	255
30	63	0	0	255
31	63	0	0	255
33	63	0	0	255
34	63	0	0	255
35	63	0	0	255
36	63	0	0	255
38	63	0	0	255
39	63	0	0	255
41	63	0	0	255
44	63	0	0	255
45	63	0	0	255
48	63	0	0	255
49	63	0	0	255
73	63	255	0	0
74	63	255	0	0
80	63	255	0	0
83	63	255	0	0
84	63	255	0	0
87	63	255	0	0
89	63	255	0	0
93	63	255	0	0
96	63	255	0	0
97	63	255	0	0
99	63	255	0	0
100	63	255	0	0
101	63	255	0	0
102	63	255	0	0
104	63	255	0	0
105	63	255	0	0
106	63	255	0	0
108	63	255	0	0
110	63	255	0	0
7	64	0	0	255
9	64	0	0	255
10	64	0	0	255
12	64	0	0	255
14	64	0	0	255
15	64	0	0	255
16	64	0	0	255
17	64	0	0	255
18	64	0	0	255
19	64	0	0	255
20	64	0	0	255
21	64	0	0	255
22	64	0	0	255
24	64	0	0	255
25	64	0	0	255
26	64	0	0	255
28	64	0	0	255
29	64	0	0	255
32	64	0	0	255
33	64	0	0	255
34	64	0	0	255
35	64	0	0	255
36	64	0	0	255
38	64	0	0	255
39	64	0	0	255
41	64	0	0	255
47	64	0	0	255
48	64	0	0	255
49	64	0	0	255
50	64	0	0	255
74	64	255	0	0
76	64	255	0	0
80	64	255	0	0
83	64	255	0	0
84	64	255	0	0
85	64	255	0	0
86	64	255	0	0
89	64	255	0	0
90	64	255	0	0
94	64	255	0	0
97	64	255	0	0
99	64	255	0	0
102	64	255	0	0
104	64	255	0	0
105	64	255	0	0
107	64	255	0	0
108	64	255	0	0
110	64	255	0	0
5	65	0	0	255
6	65	0	0	255
9	65	0	0	255
10	65	0	0	255
11	65	0	0	255
14	65	0	0	255
15	65	0	0	255
17	65	0	0	255
18	65	0	0	255
20	65	0	0	255
22	65	0	0	255
23	65	0	0	255
24	65	0	0	255
25	65	0	0	255
26	65	0	0	255
27	65	0	0	255
29	65	0	0	255
30	65	0	0	255
32	65	0	0	255
34	65	0	0	255
36	65	0	0	255
37	65	0	0	255
38	65	0	0	255
41	65	0	0	255
42	65	0	0	255
44	65	0	0	255
49	65	0	0	255
50	65	0	0	255
76	65	255	0	0
82	65	255	0	0
85	65	255	0	0
87	65	255	0	0
89	65	255	0	0
90	65	255	0	0
93	65	255	0	0
96	65	255	0	0
101	65	255	0	0
102	65	255	0	0
109	65	255	0	0
5	66	0	0	255
8	66	0	0	255
9	66	0	0	255
10	66	0	0	255
11	66	0	0	255
13	66	0	0	255
14	66	0	0	255
15	66	0	0	255
16	66	0	0	255
19	66	0	0	255
20	66	0	0	255
21	66	0	0	255
22	66	0	0	255
23	66	0	0	255
24	66	0	0	255
25	66	0	0	255
26	66	0	0	255
27	66	0	0	255
28	66	0	0	255
29	66	0	0	255
30	66	0	0	255
31	66	0	0	255
32	66	0	0	255
34	66	0	0	255
35	66	0	0	255
36	66	0	0	255
37	66	0	0	255
38	66	0	0	255
39	66	0	0	255
40	66	0	0	255
42	66	0	0	255
44	66	0	0	255
45	66	0	0	255
47	66	0	0	255
49	66	0	0	255
51	66	0	0	255
56	66	0	0	255
57	66	0	0	255
73	66	255	0	0
78	66	255	0	0
81	66	255	0	0
82	66	255	0	0
87	66	255	0	0
88	66	255	0	0
91	66	255	0	0
92	66	255	0	0
94	66	255	0	0
96	66	255	0	0
97	66	255	0	0
99	66	255	0	0
102	66	255	0	0
104	66	255	0	0
106	66	255	0	0
4	67	0	0	255
6	67	0	0	255
7	67	0	0	255
8	67	0	0	255
12	67	0	0	255
16	67	0	0	255
23	67	0	0	255
28	67	0	0	255
29	67	0	0	255
30	67	0	0	255
31	67	0	0	255
32	67	0	0	255
33	67	0	0	255
34	67	0	0	255
36	67	0	0	255
37	67	0	0	255
38	67	0	0	255
40	67	0	0	255
41	67	0	0	255
42	67	0	0	255
45	67	0	0	255
46	67	0	0	255
48	67	0	0	255
53	67	0	0	255
56	67	0	0	255
73	67	255	0	0
78	67	255	0	0
85	67	255	0	0
88	67	255	0	0
91	67	255	0	0
93	67	255	0	0
94	67	255	0	0
96	67	255	0	0
98	67	255	0	0
99	67	255	0	0
4	68	0	0	255
9	68	0	0	255
10	68	0	0	255
15	68	0	0	255
17	68	0	0	255
19	68	0	0	255
20	68	0	0	255
21	68	0	0	255
22	68	0	0	255
23	68	0	0	255
24	68	0	0	255
25	68	0	0	255
26	68	0	0	255
27	68	0	0	255
28	68	0	0	255
29	68	0	0	255
30	68	0	0	255
31	68	0	0	255
32	68	0	0	255
33	68	0	0	255
34	68	0	0	255
35	68	0	0	255
36	68	0	0	255
37	68	0	0	255
39	68	0	0	255
40	68	0	0	255
46	68	0	0	255
47	68	0	0	255
49	68	0	0	255
52	68	0	0	255
55	68	0	0	255
56	68	0	0	255
57	68	0	0	255
60	68	0	0	255
75	68	255	0	0
81	68	255	0	0
83	68	255	0	0
84	68	255	0	0
87	68	255	0	0
88	68	255	0	0
89	68	255	0	0
92	68	255	0	0
95	68	255	0	0
97	68	255	0	0
98	68	255	0	0
99	68	255	0	0
4	69	0	0	255
8	69	0	0	255
9	69	0	0	255
10	69	0	0	255
14	69	0	0	255
18	69	0	0	255
21	69	0	0	255
23	69	0	0	255
24	69	0	0	255
25	69	0	0	255
26	69	0	0	255
27	69	0	0	255
28	69	0	0	255
29	69	0	0	255
31	69	0	0	255
32	69	0	0	255
34	69	0	0	255
35	69	0	0	255
38	69	0	0	255
39	69	0	0	255
40	69	0	0	255
41	69	0	0	255
42	69	0	0	255
44	69	0	0	255
45	69	0	0	255
46	69	0	0	255
47	69	0	0	255
49	69	0	0	255
51	69	0	0	255
52	69	0	0	255
56	69	0	0	255
72	69	255	0	0
76	69	255	0	0
82	69	255	0	0
84	69	255	0	0
90	69	255	0	0
91	69	255	0	0
92	69	255	0	0
95	69	255	0	0
98	69	255	0	0
99	69	255	0	0
10	70	0	0	255
11	70	0	0	255
13	70	0	0	255
17	70	0	0	255
19	70	0	0	255
20	70	0	0	255
21	70	0	0	255
22	70	0	0	255
24	70	0	0	255
25	70	0	0	255
27	70	0	0	255
28	70	0	0	255
29	70	0	0	255
30	70	0	0	255
31	70	0	0	255
32	70	0	0	255
33	70	0	0	255
34	70	0	0	255
36	70	0	0	255
37	70	0	0	255
38	70	0	0	255
39	70	0	0	255
40	70	0	0	255
44	70	0	0	255
47	70	0	0	255
48	70	0	0	255
49	70	0	0	255
50	70	0	0	255
52	70	0	0	255
61	70	0	0	255
77	70	255	0	0
78	70	255	0	0
82	70	255	0	0
83	70	255	0	0
84	70	255	0	0
86	70	255	0	0
91	70	255	0	0
98	70	255	0	0
5	71	0	0	255
13	71	0	0	255
14	71	0	0	255
15	71	0	0	255
16	71	0	0	255
18	71	0	0	255
20	71	0	0	255
21	71	0	0	255
22	71	0	0	255
23	71	0	0	255
24	71	0	0	255
26	71	0	0	255
27	71	0	0	255
28	71	0	0	255
29	71	0	0	255
30	71	0	0	255
34	71	0	0	255
35	71	0	0	255
36	71	0	0	255
37	71	0	0	255
38	71	0	0	255
39	71	0	0	255
42	71	0	0	255
43	71	0	0	255
44	71	0	0	255
45	71	0	0	255
47	71	0	0	255
48	71	0	0	255
49	71	0	0	255
51	71	0	0	255
52	71	0	0	255
54	71	0	0	255
73	71	255	0	0
74	71	255	0	0
81	71	255	0	0
84	71	255	0	0
87	71	255	0	0
88	71	255	0	0
89	71	255	0	0
93	71	255	0	0
96	71	255	0	0
5	72	0	0	255
7	72	0	0	255
9	72	0	0	255
11	72	0	0	255
12	72	0	0	255
13	72	0	0	255
14	72	0	0	255
16	72	0	0	255
18	72	0	0	255
20	72	0	0	255
23	72	0	0	255
24	72	0	0	255
25	72	0	0	255
26	72	0	0	255
27	72	0	0	255
29	72	0	0	255
30	72	0	0	255
31	72	0	0	255
32	72	0	0	255
35	72	0	0	255
37	72	0	0	255
39	72	0	0	255
40	72	0	0	255
42	72	0	0	255
45	72	0	0	255
47	72	0	0	255
48	72	0	0	255
50	72	0	0	255
51	72	0	0	255
56	72	0	0	255
58	72	0	0	255
61	72	0	0	255
77	72	255	0	0
82	72	255	0	0
85	72	255	0	0
86	72	255	0	0
87	72	255	0	0
90	72	255	0	0
91	72	255	0	0
10	73	0	0	255
12	73	0	0	255
14	73	0	0	255
15	73	0	0	255
16	73	0	0	255
18	73	0	0	255
19	73	0	0	255
20	73	0	0	255
23	73	0	0	255
24	73	0	0	255
25	73	0	0	255
26	73	0	0	255
28	73	0	0	255
29	73	0	0	255
30	73	0	0	255
33	73	0	0	255
34	73	0	0	255
35	73	0	0	255
36	73	0	0	255
37	73	0	0	255
38	73	0	0	255
39	73	0	0	255
41	73	0	0	255
42	73	0	0	255
43	73	0	0	255
44	73	0	0	255
46	73	0	0	255
47	73	0	0	255
48	73	0	0	255
49	73	0	0	255
54	73	0	0	255
60	73	0	0	255
75	73	255	0	0
76	73	255	0	0
79	73	255	0	0
81	73	255	0	0
82	73	255	0	0
89	73	255	0	0
91	73	255	0	0
7	74	0	0	255
10	74	0	0	255
11	74	0	0	255
12	74	0	0	255
13	74	0	0	255
14	74	0	0	255
15	74	0	0	255
16	74	0	0	255
19	74	0	0	255
21	74	0	0	255
23	74	0	0	255
26	74	0	0	255
27	74	0	0	255
29	74	0	0	255
30	74	0	0	255
32	74	0	0	255
33	74	0	0	255
35	74	0	0	255
36	74	0	0	255
38	74	0	0	255
40	74	0	0	255
42	74	0	0	255
45	74	0	0	255
46	74	0	0	255
49	74	0	0	255
52	74	0	0	255
62	74	0	0	255
63	74	0	0	255
79	74	255	0	0
85	74	255	0	0
89	74	255	0	0
13	75	0	0	255
14	75	0	0	255
20	75	0	0	255
21	75	0	0	255
23	75	0	0	255
24	75	0	0	255
25	75	0	0	255
26	75	0	0	255
28	75	0	0	255
31	75	0	0	255
32	75	0	0	255
34	75	0	0	255
36	75	0	0	255
37	75	0	0	255
40	75	0	0	255
43	75	0	0	255
48	75	0	0	255
52	75	0	0	255
60	75	0	0	255
61	75	0	0	255
63	75	0	0	255
78	75	255	0	0
84	75	255	0	0
14	76	0	0	255
15	76	0	0	255
18	76	0	0	255
19	76	0	0	255
20	76	0	0	255
24	76	0	0	255
25	76	0	0	255
26	76	0	0	255
27	76	0	0	255
28	76	0	0	255
30	76	0	0	255
31	76	0	0	255
32	76	0	0	255
33	76	0	0	255
36	76	0	0	255
38	76	0	0	255
39	76	0	0	255
41	76	0	0	255
42	76	0	0	255
43	76	0	0	255
44	76	0	0	255
45	76	0	0	255
48	76	0	0	255
51	76	0	0	255
53	76	0	0	255
54	76	0	0	255
55	76	0	0	255
56	76	0	0	255
59	76	0	0	255
61	76	0	0	255
62	76	0	0	255
85	76	255	0	0
11	77	0	0	255
14	77	0	0	255
15	77	0	0	255
16	77	0	0	255
19	77	0	0	255
20	77	0	0	255
23	77	0	0	255
26	77	0	0	255
27	77	0	0	255
28	77	0	0	255
29	77	0	0	255
30	77	0	0	255
31	77	0	0	255
32	77	0	0	255
34	77	0	0	255
35	77	0	0	255
36	77	0	0	255
37	77	0	0	255
38	77	0	0	255
39	77	0	0	255
41	77	0	0	255
42	77	0	0	255
43	77	0	0	255
44	77	0	0	255
46	77	0	0	255
47	77	0	0	255
48	77	0	0	255
51	77	0	0	255
56	77	0	0	255
58	77	0	0	255
62	77	0	0	255
82	77	255	0	0
12	78	0	0	255
18	78	0	0	255
20	78	0	0	255
21	78	0	0	255
23	78	0	0	255
24	78	0	0	255
25	78	0	0	255
26	78	0	0	255
27	78	0	0	255
28	78	0	0	255
32	78	0	0	255
36	78	0	0	255
37	78	0	0	255
38	78	0	0	255
39	78	0	0	255
42	78	0	0	255
43	78	0	0	255
44	78	0	0	255
45	78	0	0	255
46	78	0	0	255
47	78	0	0	255
48	78	0	0	255
50	78	0	0	255
52	78	0	0	255
53	78	0	0	255
58	78	0	0	255
61	78	0	0	255
62	78	0	0	255
63	78	0	0	255
13	79	0	0	255
17	79	0	0	255
20	79	0	0	255
21	79	0	0	255
25	79	0	0	255
26	79	0	0	255
28	79	0	0	255
29	79	0	0	255
30	79	0	0	255
32	79	0	0	255
33	79	0	0	255
34	79	0	0	255
37	79	0	0	255
39	79	0	0	255
40	79	0	0	255
41	79	0	0	255
42	79	0	0	255
43	79	0	0	255
44	79	0	0	255
45	79	0	0	255
46	79	0	0	255
47	79	0	0	255
53	79	0	0	255
54	79	0	0	255
58	79	0	0	255
60	79	0	0	255
61	79	0	0	255
17	80	0	0	255
19	80	0	0	255
22	80	0	0	255
23	80	0	0	255
24	80	0	0	255
26	80	0	0	255
27	80	0	0	255
28	80	0	0	255
30	80	0	0	255
31	80	0	0	255
33	80	0	0	255
36	80	0	0	255
38	80	0	0	255
39	80	0	0	255
41	80	0	0	255
42	80	0	0	255
43	80	0	0	255
45	80	0	0	255
47	80	0	0	255
50	80	0	0	255
52	80	0	0	255
56	80	0	0	255
57	80	0	0	255
59	80	0	0	255
63	80	0	0	255
16	81	0	0	255
19	81	0	0	255
22	81	0	0	255
23	81	0	0	255
28	81	0	0	255
30	81	0	0	255
32	81	0	0	255
35	81	0	0	255
36	81	0	0	255
38	81	0	0	255
39	81	0	0	255
42	81	0	0	255
43	81	0	0	255
45	81	0	0	255
46	81	0	0	255
47	81	0	0	255
50	81	0	0	255
54	81	0	0	255
56	81	0	0	255
59	81	0	0	255
61	81	0	0	255
19	82	0	0	255
20	82	0	0	255
21	82	0	0	255
22	82	0	0	255
23	82	0	0	255
25	82	0	0	255
27	82	0	0	255
28	82	0	0	255
31	82	0	0	255
35	82	0	0	255
39	82	0	0	255
40	82	0	0	255
42	82	0	0	255
43	82	0	0	255
58	82	0	0	255
21	83	0	0	255
27	83	0	0	255
28	83	0	0	255
29	83	0	0	255
30	83	0	0	255
31	83	0	0	255
32	83	0	0	255
33	83	0	0	255
38	83	0	0	255
40	83	0	0	255
41	83	0	0	255
42	83	0	0	255
44	83	0	0	255
49	83	0	0	255
51	83	0	0	255
62	83	0	0	255
23	84	0	0	255
24	84	0	0	255
27	84	0	0	255
34	84	0	0	255
36	84	0	0	255
37	84	0	0	255
38	84	0	0	255
44	84	0	0	255
47	84	0	0	255
52	84	0	0	255
22	85	0	0	255
24	85	0	0	255
25	85	0	0	255
27	85	0	0	255
29	85	0	0	255
31	85	0	0	255
34	85	0	0	255
35	85	0	0	255
36	85	0	0	255
37	85	0	0	255
38	85	0	0	255
40	85	0	0	255
41	85	0	0	255
54	85	0	0	255
56	85	0	0	255
59	85	0	0	255
60	85	0	0	255
61	85	0	0	255
24	86	0	0	255
25	86	0	0	255
27	86	0	0	255
29	86	0	0	255
30	86	0	0	255
32	86	0	0	255
33	86	0	0	255
34	86	0	0	255
36	86	0	0	255
38	86	0	0	255
40	86	0	0	255
41	86	0	0	255
43	86	0	0	255
47	86	0	0	255
51	86	0	0	255
52	86	0	0	255
26	87	0	0	255
27	87	0	0	255
31	87	0	0	255
32	87	0	0	255
38	87	0	0	255
39	87	0	0	255
40	87	0	0	255
41	87	0	0	255
43	87	0	0	255
47	87	0	0	255
51	87	0	0	255
56	87	0	0	255
31	88	0	0	255
32	88	0	0	255
33	88	0	0	255
34	88	0	0	255
33	89	0	0	255
53	89	0	0	255
